{
 "cells": [
  {
   "cell_type": "code",
   "execution_count": 31,
   "outputs": [],
   "source": [
    "import numpy as np\n",
    "import pandas as pd\n",
    "import matplotlib.pyplot as plt\n",
    "import plotly.express as px\n",
    "from pathlib import Path"
   ],
   "metadata": {
    "collapsed": false,
    "pycharm": {
     "name": "#%%\n"
    }
   }
  },
  {
   "cell_type": "code",
   "execution_count": 32,
   "outputs": [],
   "source": [
    "MAIN_DIR = Path(\".\").absolute()\n",
    "BASEBALL_DIR = MAIN_DIR / \"baseball_data\"\n",
    "POLIT_DIR = MAIN_DIR / \"political_data\""
   ],
   "metadata": {
    "collapsed": false,
    "pycharm": {
     "name": "#%%\n"
    }
   }
  },
  {
   "cell_type": "code",
   "execution_count": 33,
   "outputs": [],
   "source": [
    "teams_df = pd.read_csv(BASEBALL_DIR / \"core\" / \"Teams.csv\")\n",
    "players_df = pd.read_csv(BASEBALL_DIR / \"core\" / \"People.csv\")\n",
    "batting_df = pd.read_csv(BASEBALL_DIR / \"core\" / \"Batting.csv\")\n",
    "pitching_df = pd.read_csv(BASEBALL_DIR / \"core\" / \"Pitching.csv\")\n",
    "appearances_df = pd.read_csv(BASEBALL_DIR / \"core\" / \"Appearances.csv\")\n",
    "batting_advanced_df = pd.read_csv(BASEBALL_DIR / 'advanced' / 'batting_advanced.csv')\n",
    "pitching_advanced_df = pd.read_csv(BASEBALL_DIR / 'advanced' / 'pitching_advanced.csv')"
   ],
   "metadata": {
    "collapsed": false,
    "pycharm": {
     "name": "#%%\n"
    }
   }
  },
  {
   "cell_type": "code",
   "execution_count": 34,
   "outputs": [],
   "source": [
    "pres_df = pd.read_csv(POLIT_DIR / \"Presidents.csv\").rename({\"Year\": \"yearID\"}, axis=1).drop(\"Republican\", axis=1)\n",
    "congress_df = pd.read_csv(POLIT_DIR / \"Representatives.csv\").rename({\"Year\": \"yearID\"}, axis=1)\n",
    "senators_df = pd.read_csv(POLIT_DIR / \"Senators.csv\").rename({\"Year\": \"yearID\"}, axis=1)"
   ],
   "metadata": {
    "collapsed": false,
    "pycharm": {
     "name": "#%%\n"
    }
   }
  },
  {
   "cell_type": "code",
   "execution_count": 35,
   "outputs": [],
   "source": [
    "batting_df = batting_df[batting_df[\"yearID\"] >= 1899]"
   ],
   "metadata": {
    "collapsed": false,
    "pycharm": {
     "name": "#%%\n"
    }
   }
  },
  {
   "cell_type": "code",
   "execution_count": 36,
   "outputs": [
    {
     "data": {
      "text/plain": "         playerID  yearID  stint teamID lgID    G   AB   R    H  2B  ...  \\\n7566    anderjo01    1899      1    BRO   NL  117  439  65  118  18  ...   \n7567    atherch01    1899      1    WAS   NL   65  242  28   60   5  ...   \n7568    baileha01    1899      1    BSN   NL   12   34   3    8   2  ...   \n7569    bakerki01    1899      1    WAS   NL   12   19   1    3   0  ...   \n7570    barreji01    1899      1    CIN   NL   26   92  30   34   2  ...   \n...           ...     ...    ...    ...  ...  ...  ...  ..  ...  ..  ...   \n110490  zimmejo02    2021      1    MIL   NL    2    1   0    0   0  ...   \n110491  zimmeky01    2021      1    KCA   AL   52    0   0    0   0  ...   \n110492  zimmery01    2021      1    WAS   NL  110  255  27   62  16  ...   \n110493  zuberty01    2021      1    KCA   AL   31    1   0    0   0  ...   \n110494  zuninmi01    2021      1    TBA   AL  109  333  64   72  11  ...   \n\n         RBI    SB   CS  BB     SO  IBB  HBP   SH   SF  GIDP  \n7566    92.0  25.0  NaN  27   24.0  NaN  4.0  2.0  NaN   NaN  \n7567    23.0   2.0  NaN  21   26.0  NaN  2.0  4.0  NaN   NaN  \n7568     2.0   0.0  NaN   2    3.0  NaN  1.0  0.0  NaN   NaN  \n7569     1.0   0.0  NaN   1    6.0  NaN  0.0  0.0  NaN   NaN  \n7570    10.0   4.0  NaN  18    7.0  NaN  1.0  3.0  NaN   NaN  \n...      ...   ...  ...  ..    ...  ...  ...  ...  ...   ...  \n110490   0.0   0.0  0.0   0    1.0  0.0  0.0  0.0  0.0   0.0  \n110491   0.0   0.0  0.0   0    0.0  0.0  0.0  0.0  0.0   0.0  \n110492  46.0   0.0  0.0  16   77.0  0.0  0.0  0.0  2.0   9.0  \n110493   0.0   0.0  0.0   0    1.0  0.0  0.0  0.0  0.0   0.0  \n110494  62.0   0.0  0.0  34  132.0  0.0  7.0  0.0  1.0   7.0  \n\n[102929 rows x 22 columns]",
      "text/html": "<div>\n<style scoped>\n    .dataframe tbody tr th:only-of-type {\n        vertical-align: middle;\n    }\n\n    .dataframe tbody tr th {\n        vertical-align: top;\n    }\n\n    .dataframe thead th {\n        text-align: right;\n    }\n</style>\n<table border=\"1\" class=\"dataframe\">\n  <thead>\n    <tr style=\"text-align: right;\">\n      <th></th>\n      <th>playerID</th>\n      <th>yearID</th>\n      <th>stint</th>\n      <th>teamID</th>\n      <th>lgID</th>\n      <th>G</th>\n      <th>AB</th>\n      <th>R</th>\n      <th>H</th>\n      <th>2B</th>\n      <th>...</th>\n      <th>RBI</th>\n      <th>SB</th>\n      <th>CS</th>\n      <th>BB</th>\n      <th>SO</th>\n      <th>IBB</th>\n      <th>HBP</th>\n      <th>SH</th>\n      <th>SF</th>\n      <th>GIDP</th>\n    </tr>\n  </thead>\n  <tbody>\n    <tr>\n      <th>7566</th>\n      <td>anderjo01</td>\n      <td>1899</td>\n      <td>1</td>\n      <td>BRO</td>\n      <td>NL</td>\n      <td>117</td>\n      <td>439</td>\n      <td>65</td>\n      <td>118</td>\n      <td>18</td>\n      <td>...</td>\n      <td>92.0</td>\n      <td>25.0</td>\n      <td>NaN</td>\n      <td>27</td>\n      <td>24.0</td>\n      <td>NaN</td>\n      <td>4.0</td>\n      <td>2.0</td>\n      <td>NaN</td>\n      <td>NaN</td>\n    </tr>\n    <tr>\n      <th>7567</th>\n      <td>atherch01</td>\n      <td>1899</td>\n      <td>1</td>\n      <td>WAS</td>\n      <td>NL</td>\n      <td>65</td>\n      <td>242</td>\n      <td>28</td>\n      <td>60</td>\n      <td>5</td>\n      <td>...</td>\n      <td>23.0</td>\n      <td>2.0</td>\n      <td>NaN</td>\n      <td>21</td>\n      <td>26.0</td>\n      <td>NaN</td>\n      <td>2.0</td>\n      <td>4.0</td>\n      <td>NaN</td>\n      <td>NaN</td>\n    </tr>\n    <tr>\n      <th>7568</th>\n      <td>baileha01</td>\n      <td>1899</td>\n      <td>1</td>\n      <td>BSN</td>\n      <td>NL</td>\n      <td>12</td>\n      <td>34</td>\n      <td>3</td>\n      <td>8</td>\n      <td>2</td>\n      <td>...</td>\n      <td>2.0</td>\n      <td>0.0</td>\n      <td>NaN</td>\n      <td>2</td>\n      <td>3.0</td>\n      <td>NaN</td>\n      <td>1.0</td>\n      <td>0.0</td>\n      <td>NaN</td>\n      <td>NaN</td>\n    </tr>\n    <tr>\n      <th>7569</th>\n      <td>bakerki01</td>\n      <td>1899</td>\n      <td>1</td>\n      <td>WAS</td>\n      <td>NL</td>\n      <td>12</td>\n      <td>19</td>\n      <td>1</td>\n      <td>3</td>\n      <td>0</td>\n      <td>...</td>\n      <td>1.0</td>\n      <td>0.0</td>\n      <td>NaN</td>\n      <td>1</td>\n      <td>6.0</td>\n      <td>NaN</td>\n      <td>0.0</td>\n      <td>0.0</td>\n      <td>NaN</td>\n      <td>NaN</td>\n    </tr>\n    <tr>\n      <th>7570</th>\n      <td>barreji01</td>\n      <td>1899</td>\n      <td>1</td>\n      <td>CIN</td>\n      <td>NL</td>\n      <td>26</td>\n      <td>92</td>\n      <td>30</td>\n      <td>34</td>\n      <td>2</td>\n      <td>...</td>\n      <td>10.0</td>\n      <td>4.0</td>\n      <td>NaN</td>\n      <td>18</td>\n      <td>7.0</td>\n      <td>NaN</td>\n      <td>1.0</td>\n      <td>3.0</td>\n      <td>NaN</td>\n      <td>NaN</td>\n    </tr>\n    <tr>\n      <th>...</th>\n      <td>...</td>\n      <td>...</td>\n      <td>...</td>\n      <td>...</td>\n      <td>...</td>\n      <td>...</td>\n      <td>...</td>\n      <td>...</td>\n      <td>...</td>\n      <td>...</td>\n      <td>...</td>\n      <td>...</td>\n      <td>...</td>\n      <td>...</td>\n      <td>...</td>\n      <td>...</td>\n      <td>...</td>\n      <td>...</td>\n      <td>...</td>\n      <td>...</td>\n      <td>...</td>\n    </tr>\n    <tr>\n      <th>110490</th>\n      <td>zimmejo02</td>\n      <td>2021</td>\n      <td>1</td>\n      <td>MIL</td>\n      <td>NL</td>\n      <td>2</td>\n      <td>1</td>\n      <td>0</td>\n      <td>0</td>\n      <td>0</td>\n      <td>...</td>\n      <td>0.0</td>\n      <td>0.0</td>\n      <td>0.0</td>\n      <td>0</td>\n      <td>1.0</td>\n      <td>0.0</td>\n      <td>0.0</td>\n      <td>0.0</td>\n      <td>0.0</td>\n      <td>0.0</td>\n    </tr>\n    <tr>\n      <th>110491</th>\n      <td>zimmeky01</td>\n      <td>2021</td>\n      <td>1</td>\n      <td>KCA</td>\n      <td>AL</td>\n      <td>52</td>\n      <td>0</td>\n      <td>0</td>\n      <td>0</td>\n      <td>0</td>\n      <td>...</td>\n      <td>0.0</td>\n      <td>0.0</td>\n      <td>0.0</td>\n      <td>0</td>\n      <td>0.0</td>\n      <td>0.0</td>\n      <td>0.0</td>\n      <td>0.0</td>\n      <td>0.0</td>\n      <td>0.0</td>\n    </tr>\n    <tr>\n      <th>110492</th>\n      <td>zimmery01</td>\n      <td>2021</td>\n      <td>1</td>\n      <td>WAS</td>\n      <td>NL</td>\n      <td>110</td>\n      <td>255</td>\n      <td>27</td>\n      <td>62</td>\n      <td>16</td>\n      <td>...</td>\n      <td>46.0</td>\n      <td>0.0</td>\n      <td>0.0</td>\n      <td>16</td>\n      <td>77.0</td>\n      <td>0.0</td>\n      <td>0.0</td>\n      <td>0.0</td>\n      <td>2.0</td>\n      <td>9.0</td>\n    </tr>\n    <tr>\n      <th>110493</th>\n      <td>zuberty01</td>\n      <td>2021</td>\n      <td>1</td>\n      <td>KCA</td>\n      <td>AL</td>\n      <td>31</td>\n      <td>1</td>\n      <td>0</td>\n      <td>0</td>\n      <td>0</td>\n      <td>...</td>\n      <td>0.0</td>\n      <td>0.0</td>\n      <td>0.0</td>\n      <td>0</td>\n      <td>1.0</td>\n      <td>0.0</td>\n      <td>0.0</td>\n      <td>0.0</td>\n      <td>0.0</td>\n      <td>0.0</td>\n    </tr>\n    <tr>\n      <th>110494</th>\n      <td>zuninmi01</td>\n      <td>2021</td>\n      <td>1</td>\n      <td>TBA</td>\n      <td>AL</td>\n      <td>109</td>\n      <td>333</td>\n      <td>64</td>\n      <td>72</td>\n      <td>11</td>\n      <td>...</td>\n      <td>62.0</td>\n      <td>0.0</td>\n      <td>0.0</td>\n      <td>34</td>\n      <td>132.0</td>\n      <td>0.0</td>\n      <td>7.0</td>\n      <td>0.0</td>\n      <td>1.0</td>\n      <td>7.0</td>\n    </tr>\n  </tbody>\n</table>\n<p>102929 rows × 22 columns</p>\n</div>"
     },
     "execution_count": 36,
     "metadata": {},
     "output_type": "execute_result"
    }
   ],
   "source": [
    "batting_df"
   ],
   "metadata": {
    "collapsed": false,
    "pycharm": {
     "name": "#%%\n"
    }
   }
  },
  {
   "cell_type": "code",
   "execution_count": 37,
   "outputs": [],
   "source": [
    "teams_df[\"minAB\"] = 3.1 * teams_df['G']"
   ],
   "metadata": {
    "collapsed": false,
    "pycharm": {
     "name": "#%%\n"
    }
   }
  },
  {
   "cell_type": "code",
   "execution_count": 38,
   "outputs": [],
   "source": [
    "batting_heavy_min = pd.merge(batting_df, teams_df[['minAB', 'yearID', 'teamID']], on=['yearID', 'teamID'])"
   ],
   "metadata": {
    "collapsed": false,
    "pycharm": {
     "name": "#%%\n"
    }
   }
  },
  {
   "cell_type": "code",
   "execution_count": 39,
   "outputs": [],
   "source": [
    "batting_heavy_min[\"PA\"] = batting_heavy_min[[\"AB\", \"HBP\", \"BB\", \"SF\", \"SH\"]].sum(axis=1, skipna=True)"
   ],
   "metadata": {
    "collapsed": false,
    "pycharm": {
     "name": "#%%\n"
    }
   }
  },
  {
   "cell_type": "code",
   "execution_count": 40,
   "outputs": [],
   "source": [
    "batting_heavy_min = batting_heavy_min[batting_heavy_min[\"minAB\"] < batting_heavy_min[\"PA\"]]"
   ],
   "metadata": {
    "collapsed": false,
    "pycharm": {
     "name": "#%%\n"
    }
   }
  },
  {
   "cell_type": "code",
   "execution_count": 41,
   "outputs": [],
   "source": [
    "batting_heavy_data = pd.merge(batting_heavy_min, players_df, on=[\"playerID\"])\n",
    "batting_heavy_data[\"fullName\"] = batting_heavy_data[\"nameFirst\"] + \" \" + batting_heavy_data[\"nameLast\"]"
   ],
   "metadata": {
    "collapsed": false,
    "pycharm": {
     "name": "#%%\n"
    }
   }
  },
  {
   "cell_type": "code",
   "execution_count": 42,
   "outputs": [],
   "source": [
    "batting_heavy_advanced = pd.merge(batting_heavy_data,batting_advanced_df.drop(\"G\", axis=1), on=['yearID','bbrefID'])"
   ],
   "metadata": {
    "collapsed": false,
    "pycharm": {
     "name": "#%%\n"
    }
   }
  },
  {
   "cell_type": "code",
   "execution_count": 43,
   "outputs": [],
   "source": [
    "batting_heavy_advanced_final = batting_heavy_advanced[['playerID', 'bbrefID', 'yearID', 'fullName', 'teamID', 'birthState', 'birthCountry', 'G','AB', 'R', 'H', '2B', '3B', 'HR', 'RBI', 'SB', 'CS', 'BB', 'SO', 'HBP', 'SH', 'SF', 'WAR', 'oWAR', 'dWAR']]"
   ],
   "metadata": {
    "collapsed": false,
    "pycharm": {
     "name": "#%%\n"
    }
   }
  },
  {
   "cell_type": "code",
   "execution_count": 44,
   "outputs": [
    {
     "data": {
      "text/plain": "        playerID    bbrefID  yearID           fullName teamID birthState  \\\n0      anderjo01  anderjo01    1899      John Anderson    BRO        NaN   \n1      anderjo01  anderjo01    1901      John Anderson    MLA        NaN   \n2      anderjo01  anderjo01    1902      John Anderson    SLA        NaN   \n3      anderjo01  anderjo01    1903      John Anderson    SLA        NaN   \n4      anderjo01  anderjo01    1904      John Anderson    NYA        NaN   \n...          ...        ...     ...                ...    ...        ...   \n12251   lowena01   lowena01    2021     Nathaniel Lowe    TEX         VA   \n12252  francty01  francty01    2021          Ty France    SEA         CA   \n12253  hernaen02  hernaen02    2021  Enrique Hernandez    BOS        NaN   \n12254  renfrhu01  renfrhu01    2021     Hunter Renfroe    BOS         MS   \n12255  carlsdy01  carlsdy01    2021      Dylan Carlson    SLN         CA   \n\n      birthCountry    G   AB   R  ...    SB   CS  BB     SO   HBP    SH   SF  \\\n0           Norway  117  439  65  ...  25.0  NaN  27   24.0   4.0   2.0  NaN   \n1           Norway  138  576  90  ...  35.0  NaN  24   21.0   3.0   4.0  NaN   \n2           Norway  126  524  60  ...  15.0  NaN  21    9.0   3.0   3.0  NaN   \n3           Norway  138  550  65  ...  16.0  NaN  23   39.0   0.0   4.0  NaN   \n4           Norway  143  558  62  ...  20.0  NaN  23   37.0   6.0  11.0  NaN   \n...            ...  ...  ...  ..  ...   ...  ...  ..    ...   ...   ...  ...   \n12251          USA  157  557  75  ...   8.0  0.0  80  162.0   2.0   0.0  3.0   \n12252          USA  152  571  85  ...   0.0  0.0  46  106.0  27.0   0.0  6.0   \n12253         P.R.  134  508  84  ...   1.0  0.0  61  110.0   9.0   0.0  7.0   \n12254          USA  144  521  89  ...   1.0  2.0  44  130.0   1.0   0.0  6.0   \n12255          USA  149  542  79  ...   2.0  1.0  57  152.0  11.0   1.0  8.0   \n\n       WAR  oWAR  dWAR  \n0      0.6   0.4  -0.2  \n1      4.4   4.3  -0.2  \n2      0.9   1.3  -0.6  \n3      3.3   2.5   0.4  \n4      3.2   2.8  -0.3  \n...    ...   ...   ...  \n12251  2.4   2.6  -1.1  \n12252  4.3   4.1  -0.5  \n12253  4.9   3.2   2.1  \n12254  2.3   2.3  -0.5  \n12255  3.3   3.2  -0.2  \n\n[12256 rows x 25 columns]",
      "text/html": "<div>\n<style scoped>\n    .dataframe tbody tr th:only-of-type {\n        vertical-align: middle;\n    }\n\n    .dataframe tbody tr th {\n        vertical-align: top;\n    }\n\n    .dataframe thead th {\n        text-align: right;\n    }\n</style>\n<table border=\"1\" class=\"dataframe\">\n  <thead>\n    <tr style=\"text-align: right;\">\n      <th></th>\n      <th>playerID</th>\n      <th>bbrefID</th>\n      <th>yearID</th>\n      <th>fullName</th>\n      <th>teamID</th>\n      <th>birthState</th>\n      <th>birthCountry</th>\n      <th>G</th>\n      <th>AB</th>\n      <th>R</th>\n      <th>...</th>\n      <th>SB</th>\n      <th>CS</th>\n      <th>BB</th>\n      <th>SO</th>\n      <th>HBP</th>\n      <th>SH</th>\n      <th>SF</th>\n      <th>WAR</th>\n      <th>oWAR</th>\n      <th>dWAR</th>\n    </tr>\n  </thead>\n  <tbody>\n    <tr>\n      <th>0</th>\n      <td>anderjo01</td>\n      <td>anderjo01</td>\n      <td>1899</td>\n      <td>John Anderson</td>\n      <td>BRO</td>\n      <td>NaN</td>\n      <td>Norway</td>\n      <td>117</td>\n      <td>439</td>\n      <td>65</td>\n      <td>...</td>\n      <td>25.0</td>\n      <td>NaN</td>\n      <td>27</td>\n      <td>24.0</td>\n      <td>4.0</td>\n      <td>2.0</td>\n      <td>NaN</td>\n      <td>0.6</td>\n      <td>0.4</td>\n      <td>-0.2</td>\n    </tr>\n    <tr>\n      <th>1</th>\n      <td>anderjo01</td>\n      <td>anderjo01</td>\n      <td>1901</td>\n      <td>John Anderson</td>\n      <td>MLA</td>\n      <td>NaN</td>\n      <td>Norway</td>\n      <td>138</td>\n      <td>576</td>\n      <td>90</td>\n      <td>...</td>\n      <td>35.0</td>\n      <td>NaN</td>\n      <td>24</td>\n      <td>21.0</td>\n      <td>3.0</td>\n      <td>4.0</td>\n      <td>NaN</td>\n      <td>4.4</td>\n      <td>4.3</td>\n      <td>-0.2</td>\n    </tr>\n    <tr>\n      <th>2</th>\n      <td>anderjo01</td>\n      <td>anderjo01</td>\n      <td>1902</td>\n      <td>John Anderson</td>\n      <td>SLA</td>\n      <td>NaN</td>\n      <td>Norway</td>\n      <td>126</td>\n      <td>524</td>\n      <td>60</td>\n      <td>...</td>\n      <td>15.0</td>\n      <td>NaN</td>\n      <td>21</td>\n      <td>9.0</td>\n      <td>3.0</td>\n      <td>3.0</td>\n      <td>NaN</td>\n      <td>0.9</td>\n      <td>1.3</td>\n      <td>-0.6</td>\n    </tr>\n    <tr>\n      <th>3</th>\n      <td>anderjo01</td>\n      <td>anderjo01</td>\n      <td>1903</td>\n      <td>John Anderson</td>\n      <td>SLA</td>\n      <td>NaN</td>\n      <td>Norway</td>\n      <td>138</td>\n      <td>550</td>\n      <td>65</td>\n      <td>...</td>\n      <td>16.0</td>\n      <td>NaN</td>\n      <td>23</td>\n      <td>39.0</td>\n      <td>0.0</td>\n      <td>4.0</td>\n      <td>NaN</td>\n      <td>3.3</td>\n      <td>2.5</td>\n      <td>0.4</td>\n    </tr>\n    <tr>\n      <th>4</th>\n      <td>anderjo01</td>\n      <td>anderjo01</td>\n      <td>1904</td>\n      <td>John Anderson</td>\n      <td>NYA</td>\n      <td>NaN</td>\n      <td>Norway</td>\n      <td>143</td>\n      <td>558</td>\n      <td>62</td>\n      <td>...</td>\n      <td>20.0</td>\n      <td>NaN</td>\n      <td>23</td>\n      <td>37.0</td>\n      <td>6.0</td>\n      <td>11.0</td>\n      <td>NaN</td>\n      <td>3.2</td>\n      <td>2.8</td>\n      <td>-0.3</td>\n    </tr>\n    <tr>\n      <th>...</th>\n      <td>...</td>\n      <td>...</td>\n      <td>...</td>\n      <td>...</td>\n      <td>...</td>\n      <td>...</td>\n      <td>...</td>\n      <td>...</td>\n      <td>...</td>\n      <td>...</td>\n      <td>...</td>\n      <td>...</td>\n      <td>...</td>\n      <td>...</td>\n      <td>...</td>\n      <td>...</td>\n      <td>...</td>\n      <td>...</td>\n      <td>...</td>\n      <td>...</td>\n      <td>...</td>\n    </tr>\n    <tr>\n      <th>12251</th>\n      <td>lowena01</td>\n      <td>lowena01</td>\n      <td>2021</td>\n      <td>Nathaniel Lowe</td>\n      <td>TEX</td>\n      <td>VA</td>\n      <td>USA</td>\n      <td>157</td>\n      <td>557</td>\n      <td>75</td>\n      <td>...</td>\n      <td>8.0</td>\n      <td>0.0</td>\n      <td>80</td>\n      <td>162.0</td>\n      <td>2.0</td>\n      <td>0.0</td>\n      <td>3.0</td>\n      <td>2.4</td>\n      <td>2.6</td>\n      <td>-1.1</td>\n    </tr>\n    <tr>\n      <th>12252</th>\n      <td>francty01</td>\n      <td>francty01</td>\n      <td>2021</td>\n      <td>Ty France</td>\n      <td>SEA</td>\n      <td>CA</td>\n      <td>USA</td>\n      <td>152</td>\n      <td>571</td>\n      <td>85</td>\n      <td>...</td>\n      <td>0.0</td>\n      <td>0.0</td>\n      <td>46</td>\n      <td>106.0</td>\n      <td>27.0</td>\n      <td>0.0</td>\n      <td>6.0</td>\n      <td>4.3</td>\n      <td>4.1</td>\n      <td>-0.5</td>\n    </tr>\n    <tr>\n      <th>12253</th>\n      <td>hernaen02</td>\n      <td>hernaen02</td>\n      <td>2021</td>\n      <td>Enrique Hernandez</td>\n      <td>BOS</td>\n      <td>NaN</td>\n      <td>P.R.</td>\n      <td>134</td>\n      <td>508</td>\n      <td>84</td>\n      <td>...</td>\n      <td>1.0</td>\n      <td>0.0</td>\n      <td>61</td>\n      <td>110.0</td>\n      <td>9.0</td>\n      <td>0.0</td>\n      <td>7.0</td>\n      <td>4.9</td>\n      <td>3.2</td>\n      <td>2.1</td>\n    </tr>\n    <tr>\n      <th>12254</th>\n      <td>renfrhu01</td>\n      <td>renfrhu01</td>\n      <td>2021</td>\n      <td>Hunter Renfroe</td>\n      <td>BOS</td>\n      <td>MS</td>\n      <td>USA</td>\n      <td>144</td>\n      <td>521</td>\n      <td>89</td>\n      <td>...</td>\n      <td>1.0</td>\n      <td>2.0</td>\n      <td>44</td>\n      <td>130.0</td>\n      <td>1.0</td>\n      <td>0.0</td>\n      <td>6.0</td>\n      <td>2.3</td>\n      <td>2.3</td>\n      <td>-0.5</td>\n    </tr>\n    <tr>\n      <th>12255</th>\n      <td>carlsdy01</td>\n      <td>carlsdy01</td>\n      <td>2021</td>\n      <td>Dylan Carlson</td>\n      <td>SLN</td>\n      <td>CA</td>\n      <td>USA</td>\n      <td>149</td>\n      <td>542</td>\n      <td>79</td>\n      <td>...</td>\n      <td>2.0</td>\n      <td>1.0</td>\n      <td>57</td>\n      <td>152.0</td>\n      <td>11.0</td>\n      <td>1.0</td>\n      <td>8.0</td>\n      <td>3.3</td>\n      <td>3.2</td>\n      <td>-0.2</td>\n    </tr>\n  </tbody>\n</table>\n<p>12256 rows × 25 columns</p>\n</div>"
     },
     "execution_count": 44,
     "metadata": {},
     "output_type": "execute_result"
    }
   ],
   "source": [
    "batting_heavy_advanced_final"
   ],
   "metadata": {
    "collapsed": false,
    "pycharm": {
     "name": "#%%\n"
    }
   }
  },
  {
   "cell_type": "code",
   "execution_count": 45,
   "outputs": [
    {
     "data": {
      "application/vnd.plotly.v1+json": {
       "data": [
        {
         "coloraxis": "coloraxis",
         "name": "0",
         "texttemplate": "%{z}",
         "x": [
          "yearID",
          "G",
          "AB",
          "R",
          "H",
          "2B",
          "3B",
          "HR",
          "RBI",
          "SB",
          "CS",
          "BB",
          "SO",
          "HBP",
          "SH",
          "SF",
          "WAR",
          "oWAR",
          "dWAR"
         ],
         "y": [
          "yearID",
          "G",
          "AB",
          "R",
          "H",
          "2B",
          "3B",
          "HR",
          "RBI",
          "SB",
          "CS",
          "BB",
          "SO",
          "HBP",
          "SH",
          "SF",
          "WAR",
          "oWAR",
          "dWAR"
         ],
         "z": [
          [
           1.0,
           0.07939883792480312,
           0.03021192067394097,
           0.03759026041656085,
           -0.05334284394130682,
           0.21944757685344446,
           -0.5168152472995462,
           0.4706369658283588,
           0.15139161434963563,
           -0.15159553634538753,
           -0.27450269897086477,
           0.09822183898658386,
           0.6313899932865243,
           0.132092142200713,
           -0.656578866575294,
           -0.007360284701324753,
           0.021883115751286604,
           0.03571779806826126,
           -0.005705354827699017
          ],
          [
           0.07939883792480312,
           1.0,
           0.8708234516956542,
           0.4584781535387267,
           0.6347674924616981,
           0.40820216963436723,
           0.09598554249418953,
           0.26374974137002144,
           0.3901062370872168,
           0.09374190037120823,
           0.13259925200753486,
           0.3033574889712378,
           0.29751931960376865,
           0.11208239303098275,
           -0.01604165715391221,
           0.24314446316932484,
           0.25935387535401533,
           0.2613399827870414,
           0.04733891862801936
          ],
          [
           0.03021192067394097,
           0.8708234516956542,
           1.0,
           0.58060697556273,
           0.817929759244861,
           0.49307423510212184,
           0.2167502211454448,
           0.18958992528734037,
           0.3691864556058052,
           0.18134924232577743,
           0.20256668139819062,
           0.1293774247859766,
           0.18526302561990066,
           0.0740003442678663,
           -0.004662491000718657,
           0.21668705798867582,
           0.2578109308474969,
           0.26136188652756975,
           0.05379191404028031
          ],
          [
           0.03759026041656085,
           0.4584781535387267,
           0.58060697556273,
           1.0,
           0.7231964250768046,
           0.5261626774495638,
           0.26292950700276496,
           0.45296155608797367,
           0.5319236538652444,
           0.25036584989125255,
           0.17379618465450497,
           0.5277396507308626,
           0.18107788051312607,
           0.17203212732729356,
           -0.09681555056934739,
           0.17987614376013453,
           0.6365577967222448,
           0.6856822136168387,
           -0.034266248763231984
          ],
          [
           -0.05334284394130682,
           0.6347674924616981,
           0.817929759244861,
           0.7231964250768046,
           1.0,
           0.629053234042227,
           0.34133726302867895,
           0.21047539725189537,
           0.5035352281457468,
           0.18273751998379384,
           0.20802899597646046,
           0.16743896971596633,
           -0.02480145120672051,
           0.05980968341164905,
           -0.0016041264472163648,
           0.22916297319695778,
           0.5285542747084508,
           0.5683179430386732,
           -0.021306472598466616
          ],
          [
           0.21944757685344446,
           0.40820216963436723,
           0.49307423510212184,
           0.5261626774495638,
           0.629053234042227,
           1.0,
           0.050516213158098344,
           0.33284466494215936,
           0.5281499640022509,
           -0.05515332340322279,
           -0.039370189931074384,
           0.19461097651208978,
           0.17834224293161832,
           0.11180722599037672,
           -0.21296329816663673,
           0.25493771714428487,
           0.4174933087738094,
           0.45244785651685937,
           -0.03821189448022595
          ],
          [
           -0.5168152472995462,
           0.09598554249418953,
           0.2167502211454448,
           0.26292950700276496,
           0.34133726302867895,
           0.050516213158098344,
           1.0,
           -0.2954280232072912,
           0.0037376475611728805,
           0.3354707745847964,
           0.40587063172379956,
           -0.06863080025287077,
           -0.3092666120020104,
           -0.06335262354567534,
           0.37674778341154164,
           -0.06921807176568309,
           0.2084777448706753,
           0.19946558331260003,
           0.04327692446627165
          ],
          [
           0.4706369658283588,
           0.26374974137002144,
           0.18958992528734037,
           0.45296155608797367,
           0.21047539725189537,
           0.33284466494215936,
           -0.2954280232072912,
           1.0,
           0.7686637251270004,
           -0.26715072581028765,
           -0.3227455236621076,
           0.40185342526522433,
           0.6122538539435004,
           0.164122747840091,
           -0.5428417235411532,
           0.22677890511230728,
           0.4255630290284586,
           0.49783969556286495,
           -0.1972214199675958
          ],
          [
           0.15139161434963563,
           0.3901062370872168,
           0.3691864556058052,
           0.5319236538652444,
           0.5035352281457468,
           0.5281499640022509,
           0.0037376475611728805,
           0.7686637251270004,
           1.0,
           -0.21706819420228518,
           -0.23355201477435472,
           0.3433801674463612,
           0.31819062036772994,
           0.10921564067277591,
           -0.307246782722128,
           0.4416997072465912,
           0.48827570099295303,
           0.5567642985671902,
           -0.1917336854930912
          ],
          [
           -0.15159553634538753,
           0.09374190037120823,
           0.18134924232577743,
           0.25036584989125255,
           0.18273751998379384,
           -0.05515332340322279,
           0.3354707745847964,
           -0.26715072581028765,
           -0.21706819420228518,
           1.0,
           0.694098044468271,
           0.006208663131566931,
           -0.04726218185774151,
           0.0746178867350428,
           0.2239276542619884,
           -0.10952374577817922,
           0.16782845504708646,
           0.1475606621430551,
           0.10909388415847963
          ],
          [
           -0.27450269897086477,
           0.13259925200753486,
           0.20256668139819062,
           0.17379618465450497,
           0.20802899597646046,
           -0.039370189931074384,
           0.40587063172379956,
           -0.3227455236621076,
           -0.23355201477435472,
           0.694098044468271,
           1.0,
           -0.0098831949342018,
           -0.15503361354901338,
           -0.025417248360489916,
           0.35898822699465566,
           -0.11269861234423939,
           0.06814603229916744,
           0.04663000571247929,
           0.10793251120415467
          ],
          [
           0.09822183898658386,
           0.3033574889712378,
           0.1293774247859766,
           0.5277396507308626,
           0.16743896971596633,
           0.19461097651208978,
           -0.06863080025287077,
           0.40185342526522433,
           0.3433801674463612,
           0.006208663131566931,
           -0.0098831949342018,
           1.0,
           0.24753717142580034,
           0.07101265354385623,
           -0.18516509403330614,
           0.13438836190359074,
           0.47845361363335226,
           0.5422706813587392,
           -0.11754924687926302
          ],
          [
           0.6313899932865243,
           0.29751931960376865,
           0.18526302561990066,
           0.18107788051312607,
           -0.02480145120672051,
           0.17834224293161832,
           -0.3092666120020104,
           0.6122538539435004,
           0.31819062036772994,
           -0.04726218185774151,
           -0.15503361354901338,
           0.24753717142580034,
           1.0,
           0.20530000057941297,
           -0.4777857933315334,
           0.02111389341614612,
           0.08053807767273191,
           0.12260036228431172,
           -0.12320108712069291
          ],
          [
           0.132092142200713,
           0.11208239303098275,
           0.0740003442678663,
           0.17203212732729356,
           0.05980968341164905,
           0.11180722599037672,
           -0.06335262354567534,
           0.164122747840091,
           0.10921564067277591,
           0.0746178867350428,
           -0.025417248360489916,
           0.07101265354385623,
           0.20530000057941297,
           1.0,
           -0.06229593548607429,
           0.023631856170010918,
           0.15113913776115734,
           0.16678331778366834,
           -0.019144766135981175
          ],
          [
           -0.656578866575294,
           -0.01604165715391221,
           -0.004662491000718657,
           -0.09681555056934739,
           -0.0016041264472163648,
           -0.21296329816663673,
           0.37674778341154164,
           -0.5428417235411532,
           -0.307246782722128,
           0.2239276542619884,
           0.35898822699465566,
           -0.18516509403330614,
           -0.4777857933315334,
           -0.06229593548607429,
           1.0,
           -0.14704509694671672,
           -0.10092139555942696,
           -0.14439484399332145,
           0.1574848761596768
          ],
          [
           -0.007360284701324753,
           0.24314446316932484,
           0.21668705798867582,
           0.17987614376013453,
           0.22916297319695778,
           0.25493771714428487,
           -0.06921807176568309,
           0.22677890511230728,
           0.4416997072465912,
           -0.10952374577817922,
           -0.11269861234423939,
           0.13438836190359074,
           0.02111389341614612,
           0.023631856170010918,
           -0.14704509694671672,
           1.0,
           0.11764464372887899,
           0.13143860266888505,
           -0.05566545404317262
          ],
          [
           0.021883115751286604,
           0.25935387535401533,
           0.2578109308474969,
           0.6365577967222448,
           0.5285542747084508,
           0.4174933087738094,
           0.2084777448706753,
           0.4255630290284586,
           0.48827570099295303,
           0.16782845504708646,
           0.06814603229916744,
           0.47845361363335226,
           0.08053807767273191,
           0.15113913776115734,
           -0.10092139555942696,
           0.11764464372887899,
           1.0,
           0.9121347945117175,
           0.3543256667803314
          ],
          [
           0.03571779806826126,
           0.2613399827870414,
           0.26136188652756975,
           0.6856822136168387,
           0.5683179430386732,
           0.45244785651685937,
           0.19946558331260003,
           0.49783969556286495,
           0.5567642985671902,
           0.1475606621430551,
           0.04663000571247929,
           0.5422706813587392,
           0.12260036228431172,
           0.16678331778366834,
           -0.14439484399332145,
           0.13143860266888505,
           0.9121347945117175,
           1.0,
           0.014115701167559766
          ],
          [
           -0.005705354827699017,
           0.04733891862801936,
           0.05379191404028031,
           -0.034266248763231984,
           -0.021306472598466616,
           -0.03821189448022595,
           0.04327692446627165,
           -0.1972214199675958,
           -0.1917336854930912,
           0.10909388415847963,
           0.10793251120415467,
           -0.11754924687926302,
           -0.12320108712069291,
           -0.019144766135981175,
           0.1574848761596768,
           -0.05566545404317262,
           0.3543256667803314,
           0.014115701167559766,
           1.0
          ]
         ],
         "type": "heatmap",
         "xaxis": "x",
         "yaxis": "y",
         "hovertemplate": "x: %{x}<br>y: %{y}<br>color: %{z}<extra></extra>"
        }
       ],
       "layout": {
        "template": {
         "data": {
          "histogram2dcontour": [
           {
            "type": "histogram2dcontour",
            "colorbar": {
             "outlinewidth": 0,
             "ticks": ""
            },
            "colorscale": [
             [
              0.0,
              "#0d0887"
             ],
             [
              0.1111111111111111,
              "#46039f"
             ],
             [
              0.2222222222222222,
              "#7201a8"
             ],
             [
              0.3333333333333333,
              "#9c179e"
             ],
             [
              0.4444444444444444,
              "#bd3786"
             ],
             [
              0.5555555555555556,
              "#d8576b"
             ],
             [
              0.6666666666666666,
              "#ed7953"
             ],
             [
              0.7777777777777778,
              "#fb9f3a"
             ],
             [
              0.8888888888888888,
              "#fdca26"
             ],
             [
              1.0,
              "#f0f921"
             ]
            ]
           }
          ],
          "choropleth": [
           {
            "type": "choropleth",
            "colorbar": {
             "outlinewidth": 0,
             "ticks": ""
            }
           }
          ],
          "histogram2d": [
           {
            "type": "histogram2d",
            "colorbar": {
             "outlinewidth": 0,
             "ticks": ""
            },
            "colorscale": [
             [
              0.0,
              "#0d0887"
             ],
             [
              0.1111111111111111,
              "#46039f"
             ],
             [
              0.2222222222222222,
              "#7201a8"
             ],
             [
              0.3333333333333333,
              "#9c179e"
             ],
             [
              0.4444444444444444,
              "#bd3786"
             ],
             [
              0.5555555555555556,
              "#d8576b"
             ],
             [
              0.6666666666666666,
              "#ed7953"
             ],
             [
              0.7777777777777778,
              "#fb9f3a"
             ],
             [
              0.8888888888888888,
              "#fdca26"
             ],
             [
              1.0,
              "#f0f921"
             ]
            ]
           }
          ],
          "heatmap": [
           {
            "type": "heatmap",
            "colorbar": {
             "outlinewidth": 0,
             "ticks": ""
            },
            "colorscale": [
             [
              0.0,
              "#0d0887"
             ],
             [
              0.1111111111111111,
              "#46039f"
             ],
             [
              0.2222222222222222,
              "#7201a8"
             ],
             [
              0.3333333333333333,
              "#9c179e"
             ],
             [
              0.4444444444444444,
              "#bd3786"
             ],
             [
              0.5555555555555556,
              "#d8576b"
             ],
             [
              0.6666666666666666,
              "#ed7953"
             ],
             [
              0.7777777777777778,
              "#fb9f3a"
             ],
             [
              0.8888888888888888,
              "#fdca26"
             ],
             [
              1.0,
              "#f0f921"
             ]
            ]
           }
          ],
          "heatmapgl": [
           {
            "type": "heatmapgl",
            "colorbar": {
             "outlinewidth": 0,
             "ticks": ""
            },
            "colorscale": [
             [
              0.0,
              "#0d0887"
             ],
             [
              0.1111111111111111,
              "#46039f"
             ],
             [
              0.2222222222222222,
              "#7201a8"
             ],
             [
              0.3333333333333333,
              "#9c179e"
             ],
             [
              0.4444444444444444,
              "#bd3786"
             ],
             [
              0.5555555555555556,
              "#d8576b"
             ],
             [
              0.6666666666666666,
              "#ed7953"
             ],
             [
              0.7777777777777778,
              "#fb9f3a"
             ],
             [
              0.8888888888888888,
              "#fdca26"
             ],
             [
              1.0,
              "#f0f921"
             ]
            ]
           }
          ],
          "contourcarpet": [
           {
            "type": "contourcarpet",
            "colorbar": {
             "outlinewidth": 0,
             "ticks": ""
            }
           }
          ],
          "contour": [
           {
            "type": "contour",
            "colorbar": {
             "outlinewidth": 0,
             "ticks": ""
            },
            "colorscale": [
             [
              0.0,
              "#0d0887"
             ],
             [
              0.1111111111111111,
              "#46039f"
             ],
             [
              0.2222222222222222,
              "#7201a8"
             ],
             [
              0.3333333333333333,
              "#9c179e"
             ],
             [
              0.4444444444444444,
              "#bd3786"
             ],
             [
              0.5555555555555556,
              "#d8576b"
             ],
             [
              0.6666666666666666,
              "#ed7953"
             ],
             [
              0.7777777777777778,
              "#fb9f3a"
